-20	8	8	-17	-13	16	1	23	13	6	-21	-29	-16	-19	13
-9	4	-30	-16	8	5	-8	-9	-29	2	11	-19	-10	-25	20
13	-1	-28	-17	-22	-2	24	2	26	28	10	19	26	24	-18
-8	27	-16	-9	7	1	2	-9	28	-13	26	30	3	18	-20
16	17	9	-18	-15	-19	12	3	-26	23	-4	21	1	5	-13
-20	-18	-20	5	10	-21	23	29	25	-20	-13	-14	21	4	-8
21	-10	-5	20	-13	-19	7	1	-8	1	-12	-9	6	13	-15
-4	20	16	22	27	27	17	-10	3	22	30	-5	-28	19	-23
20	26	-15	25	-24	10	26	-20	17	-23	8	-22	-14	11	23
27	8	2	-26	-1	23	-1	-16	27	-1	-7	13	-10	-19	-28
-24	-16	1	0	3	-18	30	6	-17	-19	11	-6	27	-10	0
-10	28	-17	30	1	20	21	-28	17	-12	-16	3	-11	11	-23
-1	-12	13	19	25	5	-22	-7	-26	-11	-1	11	2	24	7
6	-11	-21	-19	-4	14	-22	-4	-1	18	-30	0	-13	18	-15
20	27	-3	20	27	26	-2	-29	25	-5	10	-29	12	-27	17
